   0.00000000       0.00000000                  NaN
   1.00000000       0.00000000                  NaN
   1.00000000       1.00000000                  NaN
   0.00000000       0.00000000                  NaN
   1.00000000       0.00000000                  NaN
   2.00000000       0.00000000                  NaN
   2.00000000       1.00000000                  NaN
   1.00000000       0.00000000                  NaN
   2.00000000       0.00000000                  NaN
   3.00000000       0.00000000                  NaN
   3.00000000       1.00000000                  NaN
   2.00000000       0.00000000                  NaN
   3.00000000       0.00000000                  NaN
   4.00000000       0.00000000                  NaN
   4.00000000       1.00000000                  NaN
   3.00000000       0.00000000                  NaN
   4.00000000       0.00000000                  NaN
   5.00000000       0.00000000                  NaN
   5.00000000       1.00000000                  NaN
   4.00000000       0.00000000                  NaN
